04013243030343230220434333304210120413343133421040341142
23400241004321240132412422302202022043342302231401120312
00440340134020401213304343231102031400343211320042310443
14123421343303013222241310300020201002033410002104403100
31302203131433142331310404323221440141431104414031433043
03104240133230214114340111003413030224133204300010330213
44302420131332213112021200012331433012441144440311123230
13222340241120044232202014232200112043101301120432323414
14324440443120414330111434304020234144431312114224011104
23312421320130130244440323441120230043203411041444430223
10000022133410202340243031233134434031133334223441430243
00421044332434123021040141411234444124034444334444331130
24244443321234423434003020431224043033220013040022133223
21320243022230330044322232210443403403120421340000133101
40433111314121211122142240423422011311204404111233023112
21124300101120123010121300044100240222443003321231221123
44133334344323414133232012400422010320201012440404100442
44204304003101212121243131233212300302044121010414133022
03433230234142033433131241020234233001321101201204214143
20423431110020243130123442044311141304032232404331144422
42310142201343232242420403330310311302133403332031100031
32213210210341242101200124420000104344332433211242430211
13213442443101113213011132221032110210213010431400333032
44400140343133201403403024024303423141221100032300433311
14013214103202331143202411234240104043100402231211301440
34233202214102104313341414213340022441320444002304441342
12044304211003034323100320212230220430003200033134201223
43121220420114403322140311344403021320332243324342412020
43232213232340114044412014431414130034230022233121020141
44032040004343322124322331243403104211423344140222312224
04412404133441113400434034242040001334200344414321221303
13424310122233423223121214001342301032140110411114442130
13032311333212204443223044220113113342323133241441334423
23312230210243220144400320134031030010032021333100331032
04010320030112123114021012033222240040031332224100302434
43140204123133023403241401332020130214013411410004420314
00433420213104414132403043012443102303322004324134420041
33221214240332042144330040213143222004004411302402420242
11421432323143043400433132110214221223131133142011222331
21313210032244411241132100443323422200444440430321342442
21202344210342232311101110204414444141423043313402113143
10034411124302402123414412444203322424410212100204034011
20344104131141212203231001101233411013034113042321030244
13201110313312413322301443444434402000303111241101011102
22103240433100312323214002202120312020104433201444424022
24310403402321201131323212221423030314202140340001013323
14031020303032313214100041412012114020400103203313301434
22003144044304022340411004414124241334302132140332230132
11241232410304030231444443001444042442211203204432101322
03214140303143114244311413420211330432342424242344002243
41120343104012140143012300133144411143242444043442343240
42201134134230443320422114042041142203403303040020141143
42430311204131200110411120230443201000434114342242444214
22143222140302212034120142112041303133302432031222211220
14243210310420314340130134410244400312102233011134130144
34331243321420401122213123203302141114212321101244022334
40112033040403100011220231303342204444044341324232403412
21413442141104024424203002411432033430244204430242441122
11042010342023300123341234332221213413342003202140400131
30012210433144120204114231311333002413031331130043412423
41040100210040410201330303121240302330411002203212034420
44322144423143313434224411313344424214402133224041414341
21132312322402330230240333230141020232421411414200102232
22040232220142010420233444143004201140200414242141113430
23403332343012413112001143100420024032414032013032234002
02331430044422311040422312243444403211014133001314222242
44101122344430322230234340312321431021032023014100341232
20432120122422400341221314003240100330340023002014410122
44124402032440203320222000043213300332344220022104144442
04322130300402341204404342100304120214123130343140131220