412424304303214131340413343023434211344333
011011411032413414114444204304032113122214
442240230423341044432434310023440232241013
320334220424011342341110033123414414422421
314143413233130330220141123113210204343302
421104104440422422124330343101042204003133
410242442112203144422000020234331143100031
144023032242022300034143040202314333132322
210104004240041442133333343103140211123314
333432231320442103200012123014441222030220
441100241130324420414431403311214433320024
444400420401323020342030111230211212342121
321331201423233211133244302422133010020324
342013330122123402311102014133132414443421
223113101444130130301244110110332442402324
222231010302041013013312303023240123020034
023012012324214241413340242300442031141141
442031030000102433224221113442432013003310
003123330212411010002323231023123204234311
120421321014104012142340320203301420142222
133422042300340030103012221011242101143422
032142101244312224143340441024041032010013
030030220303130001004022424301323113031200
221411002032203211412202423004110044103300
122012211414120323133341423343324412200032
143124030422444300313003224213430134004341
144034300343020123432302241320303331444010
420434213042043324120143304301442140440021
413032021412421334012441424443104201011330
213333113124143402010030341223314114433010
040133101441032114420034044312043010111044
333410121400024104032443113301010320423144
230312243441321203010122224134232311014113
224142033200124134443342322402203114303310
344341234342132134413034340224020033220242
341022443401111040230234212430230344200232
031130224202412023203041204400441431113223
323044033311423142204020141131412322330442
130341041123233341232224231001244032022221
042200334144024003401412143321042301341144
444402030124333341210442230303324144410211
324333234032121334330123230440001133011101
313231103002220243410334300202003320333102
343043241444304402423420121122401323122414
300141033141032023203103301413144131313242
330111003334431101244010410243342313441104
413112142343121143242220232232324240014123
113301443323231110420434403002224440301122
004001433132210122311024401320334012240210
011232342421324221233310141423034121214112
132243223203222330334212132124432143200002
413132041204343031214131212100020344014112
230341022313333413044123340121041203310410
241212211223022230204313111132423034231234
401330434342234443411011334343421124330104
120442101142243412423023410113201110210412
310011403412023404331441102224201014440042
124434431401221311434224440040303144210244
100322003144414420331022224023104034212430
130121001133041113211320342422444013412334
131121122422212033400202332402120433201210
321321214124444114321021401211433334024433
230143202131310221040211303211142301412212
111240131122233023333242042321140041212004
412404344130102230421444324412022420212423
343411212311303442332040424200302430401103
031230422444210334033013333240102002134012
210232214302321221022140222100200023323030
212223403104433331324411121103003041102243
343213311021020303000343332233211312033441
140010224103240021422323210402014311144241
024244101021244022301421403312012243440032
301344031024430244222023142121000323234124
413034130133130210132113132113103031212233
431230013231001343413002034120032032312141
024234042040202231003112201422001432441004
413123131233324232422310001403443240104312
334122340113212114422043014221034303230201
013422300301143103211221032442142014423403
000213024332041202441034011414303203313424
230422100213021040424032431212021414430242
102244040010221011022210303334413413231420
333332424130322123141020243440432342203143
132331304103332320211321100132111340412430
422233021233202014140011211100102302343342
402034444331233241301003041310400333010004
404232402412012404311034102224221004010432
423221111242130321400103303434220311332323
302043012340240332200001111420322140342013
000234212110301342021411420100241032004030
313134100341004123041312234041023343233104
300210201124201000123444143240123332141144
422122341212410121304430124430332442001313
