4510350353442254140021300524205401313231243042453
4254525213123344110534024130044054251104055513134
1155230014324040511320325053331220010143344305201
5002440535112032042153413102540355333552054540413
4123042454231151304151345303510112345531420202525
2242305502423251055303131403053445531550425414233
2044055054502120314010135255541304222141323452311
1202331301153031004045014114231035314041045512101
3510433133240413205245031403044254201132411423112
0415123233142300544023055125011505432413134455343
3410013124331223022550545230454414332305123433144
2215502005002214221154305112244025232345453441205
3022002315445155404322110330324551343155234312312
3204433113401141534251030131354125242550420411510
