0411400230232332140243402312
0214220440232321441122020144
0321420310142012103341230231
3431340341042140124433304031
2044104424042430143310202311
1401242131224422131203004221
2142433112342410332143001022
0040400411221414430304223300
1334140331340324332032032141
1102101204313013430442110243
0431234302400110241024140421
3414011240100203202140042422
2322441001343313030434101412
1214343330330032211442203043
3131343200343240134422104220
2003104343411330420101223443
2412231034040040114110144201
2412231034040040114110144201
0023302342332114401030201024
2234213300122124243410301323
2213221014001340230241440344
0241102343401110342212443140
0202033101223143212144040440
2104211442123313140140420014
4320230241013211012114302344
0044221202112103141430220340